{
    "objects": [
        "tiger, Panthera tigr",
        "ladybug, ladybeetle,",
        "megalith, megalithic",
        "brown bear, bruin, U",
        "wig",
        "anemone fish",
        "promontory, headland",
        "steel arch bridge",
        "sorrel",
        "albatross, mollymawk",
        "wallaby, brush kanga"
    ],
    "matrix": [
        [
            1.0000004768371582,
            0.25591105222702026,
            0.1412477195262909,
            0.24464508891105652,
            0.09869720041751862,
            0.21812240779399872,
            0.11847245693206787,
            0.07379855215549469,
            0.20131772756576538,
            0.36680349707603455,
            0.4271658957004547
        ],
        [
            0.25591105222702026,
            1.000000238418579,
            0.19600588083267212,
            0.14812643826007843,
            0.21385227143764496,
            0.2532035708427429,
            0.129213348031044,
            0.024185724556446075,
            0.18827709555625916,
            0.39701446890830994,
            0.18857061862945557
        ],
        [
            0.1412477195262909,
            0.19600588083267212,
            1.0000001192092896,
            0.12102548778057098,
            0.047517888247966766,
            0.1660173535346985,
            0.1884971559047699,
            0.13571128249168396,
            0.1432567536830902,
            0.10064497590065002,
            0.08715778589248657
        ],
        [
            0.24464508891105652,
            0.14812643826007843,
            0.12102548778057098,
            1.0,
            0.20442865788936615,
            0.1320459544658661,
            0.08307422697544098,
            0.09441004693508148,
            0.21514512598514557,
            0.21201902627944946,
            0.23997890949249268
        ],
        [
            0.09869720041751862,
            0.21385227143764496,
            0.047517888247966766,
            0.20442865788936615,
            1.0,
            0.1578894853591919,
            0.19183680415153503,
            -0.010583169758319855,
            0.21199585497379303,
            0.25659847259521484,
            0.24625781178474426
        ],
        [
            0.21812240779399872,
            0.2532035708427429,
            0.1660173535346985,
            0.1320459544658661,
            0.1578894853591919,
            1.0,
            0.0948212742805481,
            0.05911718308925629,
            0.27906787395477295,
            0.3549363613128662,
            0.18298952281475067
        ],
        [
            0.11847245693206787,
            0.129213348031044,
            0.1884971559047699,
            0.08307422697544098,
            0.19183680415153503,
            0.0948212742805481,
            0.9999999403953552,
            0.16788971424102783,
            0.18102379143238068,
            0.2546524405479431,
            0.24763566255569458
        ],
        [
            0.07379855215549469,
            0.024185724556446075,
            0.13571128249168396,
            0.09441004693508148,
            -0.010583169758319855,
            0.05911718308925629,
            0.16788971424102783,
            0.9999998807907104,
            0.06429415941238403,
            0.09168638288974762,
            0.03867923840880394
        ],
        [
            0.20131772756576538,
            0.18827709555625916,
            0.1432567536830902,
            0.21514512598514557,
            0.21199585497379303,
            0.27906787395477295,
            0.18102379143238068,
            0.06429415941238403,
            0.9999998807907104,
            0.26501697301864624,
            0.22313937544822693
        ],
        [
            0.36680349707603455,
            0.39701446890830994,
            0.10064497590065002,
            0.21201902627944946,
            0.25659847259521484,
            0.3549363613128662,
            0.2546524405479431,
            0.09168638288974762,
            0.26501697301864624,
            0.9999997615814209,
            0.2997913658618927
        ],
        [
            0.4271658957004547,
            0.18857061862945557,
            0.08715778589248657,
            0.23997890949249268,
            0.24625781178474426,
            0.18298952281475067,
            0.24763566255569458,
            0.03867923840880394,
            0.22313937544822693,
            0.2997913658618927,
            0.9999996423721313
        ]
    ]
}