{
    "objects": [
        "tiger, Panthera tigr",
        "stupa, tope",
        "viaduct",
        "promontory, headland",
        "totem pole",
        "ladybug, ladybeetle,",
        "triumphal arch",
        "brown bear, bruin, U",
        "kite",
        "ski",
        "maze, labyrinth",
        "Arabian camel, drome",
        "bearskin, busby, sha",
        "brain coral",
        "vase",
        "Gila monster, Helode",
        "megalith, megalithic",
        "steel arch bridge",
        "anemone fish",
        "wig",
        "castle",
        "albatross, mollymawk",
        "wallaby, brush kanga",
        "sorrel",
        "sorrel"
    ],
    "matrix": [
        [
            1.0000004768371582,
            0.36411142349243164,
            0.10088126361370087,
            0.11847241222858429,
            0.19314876198768616,
            0.2559109926223755,
            0.23022866249084473,
            0.24464523792266846,
            0.22175899147987366,
            0.1796962469816208,
            0.17116498947143555,
            0.3754488229751587,
            0.28680846095085144,
            0.22975701093673706,
            0.08121106773614883,
            0.22704046964645386,
            0.14124789834022522,
            0.07379861921072006,
            0.2181224822998047,
            0.09869718551635742,
            0.16794520616531372,
            0.36680373549461365,
            0.4271658658981323,
            0.20131763815879822,
            0.20131763815879822
        ],
        [
            0.36411142349243164,
            1.0000003576278687,
            0.2178390920162201,
            0.21946805715560913,
            0.2427811622619629,
            0.1612863689661026,
            0.1819288730621338,
            0.13012562692165375,
            0.21121889352798462,
            0.19409605860710144,
            0.10369744151830673,
            0.21526868641376495,
            0.20053505897521973,
            0.21686731278896332,
            0.24583111703395844,
            0.2789037227630615,
            0.2146964967250824,
            0.11160829663276672,
            0.17838236689567566,
            0.17988735437393188,
            0.20319360494613647,
            0.16915972530841827,
            0.23013675212860107,
            0.2501252293586731,
            0.2501252293586731
        ],
        [
            0.10088126361370087,
            0.2178390920162201,
            1.000000238418579,
            0.32863783836364746,
            0.1982881873846054,
            -0.0011544059962034225,
            0.4808843731880188,
            0.1345922201871872,
            0.29472893476486206,
            0.21301205456256866,
            0.25670748949050903,
            0.17917124927043915,
            0.12117742002010345,
            0.128706157207489,
            0.2866387367248535,
            0.11543460190296173,
            0.13918063044548035,
            0.4795312285423279,
            0.01365591213107109,
            0.13104671239852905,
            0.3334861099720001,
            0.23319754004478455,
            0.16749048233032227,
            0.19698701798915863,
            0.19698701798915863
        ],
        [
            0.11847241222858429,
            0.21946805715560913,
            0.32863783836364746,
            1.000000238418579,
            0.23219028115272522,
            0.1292131543159485,
            0.35660797357559204,
            0.0830741673707962,
            0.2589317560195923,
            0.19721978902816772,
            0.2754427492618561,
            0.2095503807067871,
            0.12561747431755066,
            0.23413752019405365,
            0.22028616070747375,
            0.24504095315933228,
            0.18849700689315796,
            0.1678897589445114,
            0.0948215126991272,
            0.1918363869190216,
            0.3507802188396454,
            0.25465235114097595,
            0.24763554334640503,
            0.1810237467288971,
            0.1810237467288971
        ],
        [
            0.19314876198768616,
            0.2427811622619629,
            0.1982881873846054,
            0.23219028115272522,
            1.0000001192092896,
            0.0955248773097992,
            0.26975613832473755,
            0.04828142747282982,
            0.3753887712955475,
            0.17582428455352783,
            0.15205037593841553,
            0.1711251139640808,
            0.06971483677625656,
            0.16231152415275574,
            0.3060664236545563,
            0.14218999445438385,
            0.08273866772651672,
            0.17074674367904663,
            0.09760016202926636,
            0.1982884258031845,
            0.2147638201713562,
            0.16950614750385284,
            0.16321499645709991,
            0.2041742354631424,
            0.2041742354631424
        ],
        [
            0.2559109926223755,
            0.1612863689661026,
            -0.0011544059962034225,
            0.1292131543159485,
            0.0955248773097992,
            1.0000001192092896,
            0.13670438528060913,
            0.14812660217285156,
            0.26746341586112976,
            -0.005889223888516426,
            0.2250884622335434,
            0.18389892578125,
            0.2582775056362152,
            0.23686841130256653,
            0.13499660789966583,
            0.3746645450592041,
            0.196006178855896,
            0.02418568916618824,
            0.25320371985435486,
            0.213852196931839,
            0.17623528838157654,
            0.3970145583152771,
            0.18857061862945557,
            0.188277006149292,
            0.188277006149292
        ],
        [
            0.23022866249084473,
            0.1819288730621338,
            0.4808843731880188,
            0.35660797357559204,
            0.26975613832473755,
            0.13670438528060913,
            1.0000001192092896,
            0.13345102965831757,
            0.21045774221420288,
            0.08276842534542084,
            0.33109337091445923,
            0.1868799775838852,
            0.13980410993099213,
            0.17988167703151703,
            0.3272620439529419,
            0.20640425384044647,
            0.2850906252861023,
            0.5579485893249512,
            0.11088824272155762,
            0.14973711967468262,
            0.3650471866130829,
            0.20091012120246887,
            0.15780702233314514,
            0.13437801599502563,
            0.13437801599502563
        ],
        [
            0.24464523792266846,
            0.13012562692165375,
            0.1345922201871872,
            0.0830741673707962,
            0.04828142747282982,
            0.14812660217285156,
            0.13345102965831757,
            1.0000001192092896,
            0.1015234962105751,
            0.16277652978897095,
            0.08801143616437912,
            0.14437666535377502,
            0.5044195652008057,
            0.1310110092163086,
            0.10493827611207962,
            0.18151579797267914,
            0.12102540582418442,
            0.0944099873304367,
            0.13204613327980042,
            0.20442862808704376,
            0.20116747915744781,
            0.2120191752910614,
            0.23997890949249268,
            0.21514517068862915,
            0.21514517068862915
        ],
        [
            0.22175899147987366,
            0.21121889352798462,
            0.29472893476486206,
            0.2589317560195923,
            0.3753887712955475,
            0.26746341586112976,
            0.21045774221420288,
            0.1015234962105751,
            1.0000001192092896,
            0.26691123843193054,
            0.2948797941207886,
            0.321679025888443,
            0.2831725776195526,
            0.22098635137081146,
            0.38992395997047424,
            0.17185810208320618,
            0.05932387337088585,
            0.060661688446998596,
            0.16701281070709229,
            0.40750882029533386,
            0.3091798424720764,
            0.4782944321632385,
            0.306801974773407,
            0.25093820691108704,
            0.25093820691108704
        ],
        [
            0.1796962469816208,
            0.19409605860710144,
            0.21301205456256866,
            0.19721978902816772,
            0.17582428455352783,
            -0.005889223888516426,
            0.08276842534542084,
            0.16277652978897095,
            0.26691123843193054,
            1.0,
            0.1577896773815155,
            0.15602082014083862,
            0.15610778331756592,
            0.08568617701530457,
            0.06699874997138977,
            0.09092075377702713,
            0.05846762657165527,
            0.07554026693105698,
            0.09096437692642212,
            0.10478045046329498,
            0.19913557171821594,
            0.12171752750873566,
            0.21409660577774048,
            0.1897640973329544,
            0.1897640973329544
        ],
        [
            0.17116498947143555,
            0.10369744151830673,
            0.25670748949050903,
            0.2754427492618561,
            0.15205037593841553,
            0.2250884622335434,
            0.33109337091445923,
            0.08801143616437912,
            0.2948797941207886,
            0.1577896773815155,
            1.0,
            0.16178922355175018,
            0.11544479429721832,
            0.3475174307823181,
            0.23722714185714722,
            0.3545209765434265,
            0.31120139360427856,
            0.1632809042930603,
            0.18398520350456238,
            0.16548597812652588,
            0.36608749628067017,
            0.23320481181144714,
            0.11515375226736069,
            0.1448771059513092,
            0.1448771059513092
        ],
        [
            0.3754488229751587,
            0.21526868641376495,
            0.17917124927043915,
            0.2095503807067871,
            0.1711251139640808,
            0.18389892578125,
            0.1868799775838852,
            0.14437666535377502,
            0.321679025888443,
            0.15602082014083862,
            0.16178922355175018,
            1.0,
            0.34449493885040283,
            0.17021401226520538,
            0.2072170525789261,
            0.24542468786239624,
            0.12094594538211823,
            0.10467708855867386,
            0.23321714997291565,
            0.16994327306747437,
            0.2467747926712036,
            0.3523649573326111,
            0.4418436288833618,
            0.3052663803100586,
            0.3052663803100586
        ],
        [
            0.28680846095085144,
            0.20053505897521973,
            0.12117742002010345,
            0.12561747431755066,
            0.06971483677625656,
            0.2582775056362152,
            0.13980410993099213,
            0.5044195652008057,
            0.2831725776195526,
            0.15610778331756592,
            0.11544479429721832,
            0.34449493885040283,
            1.0,
            0.12739992141723633,
            0.17506040632724762,
            0.14781510829925537,
            0.10135141015052795,
            0.08822833001613617,
            0.16395160555839539,
            0.29629623889923096,
            0.1768600195646286,
            0.35364586114883423,
            0.348182737827301,
            0.25955748558044434,
            0.25955748558044434
        ],
        [
            0.22975701093673706,
            0.21686731278896332,
            0.128706157207489,
            0.23413752019405365,
            0.16231152415275574,
            0.23686841130256653,
            0.17988167703151703,
            0.1310110092163086,
            0.22098635137081146,
            0.08568617701530457,
            0.3475174307823181,
            0.17021401226520538,
            0.12739992141723633,
            1.0,
            0.30013447999954224,
            0.2572396397590637,
            0.25915688276290894,
            0.07907705754041672,
            0.475910484790802,
            0.2140398621559143,
            0.2949834167957306,
            0.3250020146369934,
            0.23929041624069214,
            0.19646528363227844,
            0.19646528363227844
        ],
        [
            0.08121106773614883,
            0.24583111703395844,
            0.2866387367248535,
            0.22028616070747375,
            0.3060664236545563,
            0.13499660789966583,
            0.3272620439529419,
            0.10493827611207962,
            0.38992395997047424,
            0.06699874997138977,
            0.23722714185714722,
            0.2072170525789261,
            0.17506040632724762,
            0.30013447999954224,
            1.0,
            0.15051670372486115,
            0.22084075212478638,
            0.1650964319705963,
            0.21804645657539368,
            0.29965001344680786,
            0.3358003497123718,
            0.20282918214797974,
            0.19432395696640015,
            0.27725979685783386,
            0.27725979685783386
        ],
        [
            0.22704046964645386,
            0.2789037227630615,
            0.11543460190296173,
            0.24504095315933228,
            0.14218999445438385,
            0.3746645450592041,
            0.20640425384044647,
            0.18151579797267914,
            0.17185810208320618,
            0.09092075377702713,
            0.3545209765434265,
            0.24542468786239624,
            0.14781510829925537,
            0.2572396397590637,
            0.15051670372486115,
            1.0,
            0.29230642318725586,
            0.13471725583076477,
            0.2845328450202942,
            0.11188270896673203,
            0.22129741311073303,
            0.2360861599445343,
            0.20691624283790588,
            0.2801533043384552,
            0.2801533043384552
        ],
        [
            0.14124789834022522,
            0.2146964967250824,
            0.13918063044548035,
            0.18849700689315796,
            0.08273866772651672,
            0.196006178855896,
            0.2850906252861023,
            0.12102540582418442,
            0.05932387337088585,
            0.05846762657165527,
            0.31120139360427856,
            0.12094594538211823,
            0.10135141015052795,
            0.25915688276290894,
            0.22084075212478638,
            0.29230642318725586,
            1.0,
            0.13571111857891083,
            0.16601762175559998,
            0.0475178062915802,
            0.27737852931022644,
            0.10064470767974854,
            0.0871577113866806,
            0.14325669407844543,
            0.14325669407844543
        ],
        [
            0.07379861921072006,
            0.11160829663276672,
            0.4795312285423279,
            0.1678897589445114,
            0.17074674367904663,
            0.02418568916618824,
            0.5579485893249512,
            0.0944099873304367,
            0.060661688446998596,
            0.07554026693105698,
            0.1632809042930603,
            0.10467708855867386,
            0.08822833001613617,
            0.07907705754041672,
            0.1650964319705963,
            0.13471725583076477,
            0.13571111857891083,
            0.9999999403953552,
            0.059117138385772705,
            -0.010583270341157913,
            0.19579000771045685,
            0.09168633818626404,
            0.03867926821112633,
            0.06429405510425568,
            0.06429405510425568
        ],
        [
            0.2181224822998047,
            0.17838236689567566,
            0.01365591213107109,
            0.0948215126991272,
            0.09760016202926636,
            0.25320371985435486,
            0.11088824272155762,
            0.13204613327980042,
            0.16701281070709229,
            0.09096437692642212,
            0.18398520350456238,
            0.23321714997291565,
            0.16395160555839539,
            0.475910484790802,
            0.21804645657539368,
            0.2845328450202942,
            0.16601762175559998,
            0.059117138385772705,
            0.9999999403953552,
            0.1578895002603531,
            0.17223608493804932,
            0.35493648052215576,
            0.182989701628685,
            0.2790677547454834,
            0.2790677547454834
        ],
        [
            0.09869718551635742,
            0.17988735437393188,
            0.13104671239852905,
            0.1918363869190216,
            0.1982884258031845,
            0.213852196931839,
            0.14973711967468262,
            0.20442862808704376,
            0.40750882029533386,
            0.10478045046329498,
            0.16548597812652588,
            0.16994327306747437,
            0.29629623889923096,
            0.2140398621559143,
            0.29965001344680786,
            0.11188270896673203,
            0.0475178062915802,
            -0.010583270341157913,
            0.1578895002603531,
            0.9999998807907104,
            0.21487295627593994,
            0.2565982937812805,
            0.24625776708126068,
            0.21199584007263184,
            0.21199584007263184
        ],
        [
            0.16794520616531372,
            0.20319360494613647,
            0.3334861099720001,
            0.3507802188396454,
            0.2147638201713562,
            0.17623528838157654,
            0.3650471866130829,
            0.20116747915744781,
            0.3091798424720764,
            0.19913557171821594,
            0.36608749628067017,
            0.2467747926712036,
            0.1768600195646286,
            0.2949834167957306,
            0.3358003497123718,
            0.22129741311073303,
            0.27737852931022644,
            0.19579000771045685,
            0.17223608493804932,
            0.21487295627593994,
            0.9999998211860657,
            0.2995382845401764,
            0.1925889402627945,
            0.2581798732280731,
            0.2581798732280731
        ],
        [
            0.36680373549461365,
            0.16915972530841827,
            0.23319754004478455,
            0.25465235114097595,
            0.16950614750385284,
            0.3970145583152771,
            0.20091012120246887,
            0.2120191752910614,
            0.4782944321632385,
            0.12171752750873566,
            0.23320481181144714,
            0.3523649573326111,
            0.35364586114883423,
            0.3250020146369934,
            0.20282918214797974,
            0.2360861599445343,
            0.10064470767974854,
            0.09168633818626404,
            0.35493648052215576,
            0.2565982937812805,
            0.2995382845401764,
            0.9999997615814209,
            0.29979151487350464,
            0.26501691341400146,
            0.26501691341400146
        ],
        [
            0.4271658658981323,
            0.23013675212860107,
            0.16749048233032227,
            0.24763554334640503,
            0.16321499645709991,
            0.18857061862945557,
            0.15780702233314514,
            0.23997890949249268,
            0.306801974773407,
            0.21409660577774048,
            0.11515375226736069,
            0.4418436288833618,
            0.348182737827301,
            0.23929041624069214,
            0.19432395696640015,
            0.20691624283790588,
            0.0871577113866806,
            0.03867926821112633,
            0.182989701628685,
            0.24625776708126068,
            0.1925889402627945,
            0.29979151487350464,
            0.9999997615814209,
            0.2231391817331314,
            0.2231391817331314
        ],
        [
            0.20131763815879822,
            0.2501252293586731,
            0.19698701798915863,
            0.1810237467288971,
            0.2041742354631424,
            0.188277006149292,
            0.13437801599502563,
            0.21514517068862915,
            0.25093820691108704,
            0.1897640973329544,
            0.1448771059513092,
            0.3052663803100586,
            0.25955748558044434,
            0.19646528363227844,
            0.27725979685783386,
            0.2801533043384552,
            0.14325669407844543,
            0.06429405510425568,
            0.2790677547454834,
            0.21199584007263184,
            0.2581798732280731,
            0.26501691341400146,
            0.2231391817331314,
            0.9999995827674866,
            0.9999995827674866
        ],
        [
            0.20131763815879822,
            0.2501252293586731,
            0.19698701798915863,
            0.1810237467288971,
            0.2041742354631424,
            0.188277006149292,
            0.13437801599502563,
            0.21514517068862915,
            0.25093820691108704,
            0.1897640973329544,
            0.1448771059513092,
            0.3052663803100586,
            0.25955748558044434,
            0.19646528363227844,
            0.27725979685783386,
            0.2801533043384552,
            0.14325669407844543,
            0.06429405510425568,
            0.2790677547454834,
            0.21199584007263184,
            0.2581798732280731,
            0.26501691341400146,
            0.2231391817331314,
            0.9999995827674866,
            0.9999995827674866
        ]
    ]
}