{
    "objects": [
        "brown bear, bruin, U",
        "brown bear, bruin, U",
        "military uniform",
        "wig",
        "wig",
        "barn",
        "dam, dike, dyke",
        "wig",
        "bearskin, busby, sha",
        "lion, king of beasts",
        "koala, koala bear, k",
        "goose",
        "thatch, thatched roo",
        "lion, king of beasts",
        "mushroom",
        "promontory, headland",
        "daisy",
        "umbrella",
        "bonnet, poke bonnet",
        "otter",
        "otter",
        "eel",
        "hummingbird",
        "zebra",
        "gasmask, respirator,",
        "cheetah, chetah, Aci",
        "viaduct",
        "ski",
        "Gila monster, Helode",
        "warplane, military p",
        "viaduct",
        "stupa, tope",
        "ladybug, ladybeetle,",
        "Arabian camel, drome",
        "marmot",
        "baboon",
        "dogsled, dog sled, d",
        "bathing cap, swimmin",
        "tiger, Panthera tigr",
        "mongoose",
        "tiger, Panthera tigr",
        "bathing cap, swimmin",
        "tiger, Panthera tigr",
        "anemone fish",
        "tiger, Panthera tigr",
        "brain coral",
        "maze, labyrinth",
        "vase",
        "tiger, Panthera tigr",
        "totem pole",
        "pot, flowerpot",
        "greenhouse, nursery,",
        "rapeseed",
        "tiger, Panthera tigr",
        "bison",
        "sandbar, sand bar",
        "white wolf, Arctic w",
        "shower cap",
        "groom, bridegroom",
        "leopard, Panthera pa",
        "jaguar, panther, Pan",
        "albatross, mollymawk",
        "ice bear, polar bear",
        "ice bear, polar bear",
        "liner, ocean liner",
        "alp",
        "dome",
        "triumphal arch",
        "dome",
        "lakeside, lakeshore",
        "alp",
        "great grey owl, grea",
        "starfish, sea star",
        "triumphal arch",
        "wallaby, brush kanga",
        "wallaby, brush kanga",
        "African elephant, Lo",
        "megalith, megalithic",
        "palace",
        "castle",
        "megalith, megalithic",
        "ostrich, Struthio ca",
        "valley, vale",
        "sorrel",
        "sorrel",
        "kite",
        "kite",
        "American egret, grea",
        "black grouse",
        "steel arch bridge",
        "parachute, chute"
    ],
    "matrix": [
        [
            1.0000005960464478,
            1.0000005960464478,
            0.1510898619890213,
            0.20442873239517212,
            0.20442873239517212,
            0.23038776218891144,
            0.17102579772472382,
            0.20442873239517212,
            0.50441974401474,
            0.18153715133666992,
            0.3560423254966736,
            0.3436671495437622,
            0.1280537098646164,
            0.18153715133666992,
            0.23882317543029785,
            0.08307449519634247,
            0.184007465839386,
            0.13628095388412476,
            0.07826337963342667,
            0.32222139835357666,
            0.32222139835357666,
            0.19263458251953125,
            0.1786511391401291,
            0.2854752540588379,
            0.06850069761276245,
            0.19342684745788574,
            0.13459224998950958,
            0.16277673840522766,
            0.1815158575773239,
            0.07214847952127457,
            0.13459224998950958,
            0.13012577593326569,
            0.1481265425682068,
            0.14437679946422577,
            0.206202894449234,
            0.30541616678237915,
            0.17682909965515137,
            0.1723780333995819,
            0.2446451485157013,
            0.17537376284599304,
            0.2446451485157013,
            0.1723780333995819,
            0.2446451485157013,
            0.13204605877399445,
            0.2446451485157013,
            0.13101094961166382,
            0.08801154047250748,
            0.10493840277194977,
            0.2446451485157013,
            0.04828155040740967,
            0.09726662933826447,
            0.079177625477314,
            0.1396954357624054,
            0.2446451485157013,
            0.3499646782875061,
            0.1353028416633606,
            0.40243756771087646,
            0.07843036949634552,
            0.11536835134029388,
            0.25115129351615906,
            0.2682179808616638,
            0.2120192050933838,
            0.4766599237918854,
            0.4766599237918854,
            0.12258124351501465,
            0.1672183871269226,
            0.2612932622432709,
            0.13345099985599518,
            0.2612932622432709,
            0.20169368386268616,
            0.1672183871269226,
            0.2484327256679535,
            0.21808785200119019,
            0.13345099985599518,
            0.23997901380062103,
            0.23997901380062103,
            0.18367457389831543,
            0.12102559208869934,
            0.21781885623931885,
            0.20116761326789856,
            0.12102559208869934,
            0.20790168642997742,
            0.1369318962097168,
            0.21514523029327393,
            0.21514523029327393,
            0.10152365267276764,
            0.10152365267276764,
            0.26965776085853577,
            0.371865838766098,
            0.09441016614437103,
            0.09782393276691437
        ],
        [
            1.0000005960464478,
            1.0000005960464478,
            0.1510898619890213,
            0.20442873239517212,
            0.20442873239517212,
            0.23038776218891144,
            0.17102579772472382,
            0.20442873239517212,
            0.50441974401474,
            0.18153715133666992,
            0.3560423254966736,
            0.3436671495437622,
            0.1280537098646164,
            0.18153715133666992,
            0.23882317543029785,
            0.08307449519634247,
            0.184007465839386,
            0.13628095388412476,
            0.07826337963342667,
            0.32222139835357666,
            0.32222139835357666,
            0.19263458251953125,
            0.1786511391401291,
            0.2854752540588379,
            0.06850069761276245,
            0.19342684745788574,
            0.13459224998950958,
            0.16277673840522766,
            0.1815158575773239,
            0.07214847952127457,
            0.13459224998950958,
            0.13012577593326569,
            0.1481265425682068,
            0.14437679946422577,
            0.206202894449234,
            0.30541616678237915,
            0.17682909965515137,
            0.1723780333995819,
            0.2446451485157013,
            0.17537376284599304,
            0.2446451485157013,
            0.1723780333995819,
            0.2446451485157013,
            0.13204605877399445,
            0.2446451485157013,
            0.13101094961166382,
            0.08801154047250748,
            0.10493840277194977,
            0.2446451485157013,
            0.04828155040740967,
            0.09726662933826447,
            0.079177625477314,
            0.1396954357624054,
            0.2446451485157013,
            0.3499646782875061,
            0.1353028416633606,
            0.40243756771087646,
            0.07843036949634552,
            0.11536835134029388,
            0.25115129351615906,
            0.2682179808616638,
            0.2120192050933838,
            0.4766599237918854,
            0.4766599237918854,
            0.12258124351501465,
            0.1672183871269226,
            0.2612932622432709,
            0.13345099985599518,
            0.2612932622432709,
            0.20169368386268616,
            0.1672183871269226,
            0.2484327256679535,
            0.21808785200119019,
            0.13345099985599518,
            0.23997901380062103,
            0.23997901380062103,
            0.18367457389831543,
            0.12102559208869934,
            0.21781885623931885,
            0.20116761326789856,
            0.12102559208869934,
            0.20790168642997742,
            0.1369318962097168,
            0.21514523029327393,
            0.21514523029327393,
            0.10152365267276764,
            0.10152365267276764,
            0.26965776085853577,
            0.371865838766098,
            0.09441016614437103,
            0.09782393276691437
        ],
        [
            0.1510898619890213,
            0.1510898619890213,
            1.0000004768371582,
            0.2607685923576355,
            0.2607685923576355,
            0.1477898359298706,
            0.07139494270086288,
            0.2607685923576355,
            0.24970343708992004,
            0.14078426361083984,
            0.13941501080989838,
            0.1601102352142334,
            0.20197699964046478,
            0.14078426361083984,
            0.2016354501247406,
            0.12899288535118103,
            0.1987570822238922,
            0.26998987793922424,
            0.16716086864471436,
            0.22327730059623718,
            0.22327730059623718,
            0.19505484402179718,
            0.21889528632164001,
            0.24887427687644958,
            0.3610053062438965,
            0.18789634108543396,
            0.17105132341384888,
            0.13213470578193665,
            0.13524140417575836,
            0.4735684394836426,
            0.17105132341384888,
            0.12763124704360962,
            0.141885906457901,
            0.17705205082893372,
            0.24254250526428223,
            0.26106593012809753,
            0.19808542728424072,
            0.33623069524765015,
            0.14390233159065247,
            0.16864177584648132,
            0.14390233159065247,
            0.33623069524765015,
            0.14390233159065247,
            0.11322879791259766,
            0.14390233159065247,
            0.13376003503799438,
            0.0999719426035881,
            0.1590791493654251,
            0.14390233159065247,
            0.1631615310907364,
            0.1146569550037384,
            0.05139879137277603,
            0.13653795421123505,
            0.14390233159065247,
            0.17055541276931763,
            0.1858883649110794,
            0.20172184705734253,
            0.2411995828151703,
            0.18035268783569336,
            0.2285805642604828,
            0.17000703513622284,
            0.19394391775131226,
            0.14264363050460815,
            0.14264363050460815,
            0.22039541602134705,
            0.1665586531162262,
            0.266653835773468,
            0.18369081616401672,
            0.266653835773468,
            0.10452807694673538,
            0.1665586531162262,
            0.18881264328956604,
            0.17497971653938293,
            0.18369081616401672,
            0.11746577173471451,
            0.11746577173471451,
            0.19405055046081543,
            0.11406964063644409,
            0.19486728310585022,
            0.2818259000778198,
            0.11406964063644409,
            0.21588517725467682,
            0.15750055015087128,
            0.14506573975086212,
            0.14506573975086212,
            0.2679767608642578,
            0.2679767608642578,
            0.16862288117408752,
            0.2419864982366562,
            0.07905567437410355,
            0.21534155309200287
        ],
        [
            0.20442873239517212,
            0.20442873239517212,
            0.2607685923576355,
            1.0000003576278687,
            1.0000003576278687,
            0.255886435508728,
            0.14094872772693634,
            1.0000003576278687,
            0.29629629850387573,
            0.12685628235340118,
            0.19723451137542725,
            0.3236282765865326,
            0.36994242668151855,
            0.12685628235340118,
            0.30173081159591675,
            0.19183661043643951,
            0.30807504057884216,
            0.2685873508453369,
            0.32960277795791626,
            0.2991504967212677,
            0.2991504967212677,
            0.2626756727695465,
            0.1773129105567932,
            0.27912086248397827,
            0.1466132253408432,
            0.14377059042453766,
            0.13104689121246338,
            0.10478062927722931,
            0.11188280582427979,
            0.1529008448123932,
            0.13104689121246338,
            0.17988747358322144,
            0.2138523906469345,
            0.16994348168373108,
            0.2567541003227234,
            0.24889670312404633,
            0.1850554347038269,
            0.31754642724990845,
            0.09869726747274399,
            0.18696328997612,
            0.09869726747274399,
            0.31754642724990845,
            0.09869726747274399,
            0.1578894555568695,
            0.09869726747274399,
            0.21404002606868744,
            0.16548612713813782,
            0.2996503710746765,
            0.09869726747274399,
            0.19828861951828003,
            0.17965176701545715,
            0.055393755435943604,
            0.2195979654788971,
            0.09869726747274399,
            0.3140888214111328,
            0.05210079625248909,
            0.1818886697292328,
            0.3172297179698944,
            0.17583325505256653,
            0.1534692347049713,
            0.20003609359264374,
            0.2565983831882477,
            0.1135295107960701,
            0.1135295107960701,
            0.11267183721065521,
            0.20720736682415009,
            0.20976433157920837,
            0.14973746240139008,
            0.20976433157920837,
            0.12767460942268372,
            0.20720736682415009,
            0.1954641044139862,
            0.09352356195449829,
            0.14973746240139008,
            0.2462579607963562,
            0.2462579607963562,
            0.19447188079357147,
            0.04751794412732124,
            0.16547004878520966,
            0.21487337350845337,
            0.04751794412732124,
            0.16685035824775696,
            0.08824172616004944,
            0.21199584007263184,
            0.21199584007263184,
            0.4075087904930115,
            0.4075087904930115,
            0.16830790042877197,
            0.21955591440200806,
            -0.010583179071545601,
            0.1763538271188736
        ],
        [
            0.20442873239517212,
            0.20442873239517212,
            0.2607685923576355,
            1.0000003576278687,
            1.0000003576278687,
            0.255886435508728,
            0.14094872772693634,
            1.0000003576278687,
            0.29629629850387573,
            0.12685628235340118,
            0.19723451137542725,
            0.3236282765865326,
            0.36994242668151855,
            0.12685628235340118,
            0.30173081159591675,
            0.19183661043643951,
            0.30807504057884216,
            0.2685873508453369,
            0.32960277795791626,
            0.2991504967212677,
            0.2991504967212677,
            0.2626756727695465,
            0.1773129105567932,
            0.27912086248397827,
            0.1466132253408432,
            0.14377059042453766,
            0.13104689121246338,
            0.10478062927722931,
            0.11188280582427979,
            0.1529008448123932,
            0.13104689121246338,
            0.17988747358322144,
            0.2138523906469345,
            0.16994348168373108,
            0.2567541003227234,
            0.24889670312404633,
            0.1850554347038269,
            0.31754642724990845,
            0.09869726747274399,
            0.18696328997612,
            0.09869726747274399,
            0.31754642724990845,
            0.09869726747274399,
            0.1578894555568695,
            0.09869726747274399,
            0.21404002606868744,
            0.16548612713813782,
            0.2996503710746765,
            0.09869726747274399,
            0.19828861951828003,
            0.17965176701545715,
            0.055393755435943604,
            0.2195979654788971,
            0.09869726747274399,
            0.3140888214111328,
            0.05210079625248909,
            0.1818886697292328,
            0.3172297179698944,
            0.17583325505256653,
            0.1534692347049713,
            0.20003609359264374,
            0.2565983831882477,
            0.1135295107960701,
            0.1135295107960701,
            0.11267183721065521,
            0.20720736682415009,
            0.20976433157920837,
            0.14973746240139008,
            0.20976433157920837,
            0.12767460942268372,
            0.20720736682415009,
            0.1954641044139862,
            0.09352356195449829,
            0.14973746240139008,
            0.2462579607963562,
            0.2462579607963562,
            0.19447188079357147,
            0.04751794412732124,
            0.16547004878520966,
            0.21487337350845337,
            0.04751794412732124,
            0.16685035824775696,
            0.08824172616004944,
            0.21199584007263184,
            0.21199584007263184,
            0.4075087904930115,
            0.4075087904930115,
            0.16830790042877197,
            0.21955591440200806,
            -0.010583179071545601,
            0.1763538271188736
        ],
        [
            0.23038776218891144,
            0.23038776218891144,
            0.1477898359298706,
            0.255886435508728,
            0.255886435508728,
            1.0000003576278687,
            0.26098400354385376,
            0.255886435508728,
            0.29463472962379456,
            0.23326140642166138,
            0.2233169972896576,
            0.3079153299331665,
            0.30455517768859863,
            0.23326140642166138,
            0.30754727125167847,
            0.3108564615249634,
            0.23492440581321716,
            0.27396440505981445,
            0.21563765406608582,
            0.26837992668151855,
            0.26837992668151855,
            0.24478517472743988,
            0.2666719853878021,
            0.330044150352478,
            0.05198637396097183,
            0.14166627824306488,
            0.3055480420589447,
            0.15963803231716156,
            0.11893846839666367,
            0.1497441530227661,
            0.3055480420589447,
            0.13300885260105133,
            0.17497961223125458,
            0.2949615716934204,
            0.29055941104888916,
            0.360984206199646,
            0.23013044893741608,
            0.07923653721809387,
            0.19148097932338715,
            0.2559194266796112,
            0.19148097932338715,
            0.07923653721809387,
            0.19148097932338715,
            0.1497109979391098,
            0.19148097932338715,
            0.18040576577186584,
            0.2392100989818573,
            0.3239515423774719,
            0.19148097932338715,
            0.24080997705459595,
            0.3074847459793091,
            0.44950494170188904,
            0.24031442403793335,
            0.19148097932338715,
            0.40941929817199707,
            0.21670356392860413,
            0.20028764009475708,
            0.055316224694252014,
            0.16590990126132965,
            0.19554835557937622,
            0.2789817452430725,
            0.22932292520999908,
            0.1962130218744278,
            0.1962130218744278,
            0.20696651935577393,
            0.20006141066551208,
            0.4366810917854309,
            0.2836202383041382,
            0.4366810917854309,
            0.28632470965385437,
            0.20006141066551208,
            0.32881397008895874,
            0.12437504529953003,
            0.2836202383041382,
            0.3004436194896698,
            0.3004436194896698,
            0.28682395815849304,
            0.19820967316627502,
            0.3944970369338989,
            0.5628427267074585,
            0.19820967316627502,
            0.2924858331680298,
            0.3225517272949219,
            0.23660068213939667,
            0.23660068213939667,
            0.3355158567428589,
            0.3355158567428589,
            0.24231284856796265,
            0.33145594596862793,
            0.12024885416030884,
            0.18661752343177795
        ],
        [
            0.17102579772472382,
            0.17102579772472382,
            0.07139494270086288,
            0.14094872772693634,
            0.14094872772693634,
            0.26098400354385376,
            1.0000003576278687,
            0.14094872772693634,
            0.22496762871742249,
            0.07595840096473694,
            0.189164400100708,
            0.3018847703933716,
            0.13155095279216766,
            0.07595840096473694,
            0.15945938229560852,
            0.15888828039169312,
            0.19841450452804565,
            0.19712944328784943,
            0.2462451159954071,
            0.19431990385055542,
            0.19431990385055542,
            0.3159528374671936,
            0.16628409922122955,
            0.17179113626480103,
            0.14011038839817047,
            0.20786969363689423,
            0.3351762294769287,
            0.21629109978675842,
            0.20214319229125977,
            0.16800913214683533,
            0.3351762294769287,
            0.21202902495861053,
            0.15903621912002563,
            0.20314136147499084,
            0.2555009424686432,
            0.11962930113077164,
            0.3896197974681854,
            0.272914856672287,
            0.13492992520332336,
            0.16882005333900452,
            0.13492992520332336,
            0.272914856672287,
            0.13492992520332336,
            0.1626155525445938,
            0.13492992520332336,
            0.17179498076438904,
            0.224861279129982,
            0.30479204654693604,
            0.13492992520332336,
            0.09081043303012848,
            0.24261754751205444,
            0.16713866591453552,
            0.22862423956394196,
            0.13492992520332336,
            0.1938687264919281,
            0.243490070104599,
            0.23320776224136353,
            0.1714942753314972,
            0.0639028325676918,
            0.13871458172798157,
            0.2129397690296173,
            0.24136853218078613,
            0.165378600358963,
            0.165378600358963,
            0.25939902663230896,
            0.12683913111686707,
            0.22273612022399902,
            0.25810763239860535,
            0.22273612022399902,
            0.24143464863300323,
            0.12683913111686707,
            0.14957751333713531,
            0.15645831823349,
            0.25810763239860535,
            0.19500984251499176,
            0.19500984251499176,
            0.14671330153942108,
            0.25279080867767334,
            0.14542989432811737,
            0.24754786491394043,
            0.25279080867767334,
            0.10366089642047882,
            0.2860516309738159,
            0.12910178303718567,
            0.12910178303718567,
            0.23760807514190674,
            0.23760807514190674,
            0.17627465724945068,
            0.07088994979858398,
            0.21368364989757538,
            0.3610169291496277
        ],
        [
            0.20442873239517212,
            0.20442873239517212,
            0.2607685923576355,
            1.0000003576278687,
            1.0000003576278687,
            0.255886435508728,
            0.14094872772693634,
            1.0000003576278687,
            0.29629629850387573,
            0.12685628235340118,
            0.19723451137542725,
            0.3236282765865326,
            0.36994242668151855,
            0.12685628235340118,
            0.30173081159591675,
            0.19183661043643951,
            0.30807504057884216,
            0.2685873508453369,
            0.32960277795791626,
            0.2991504967212677,
            0.2991504967212677,
            0.2626756727695465,
            0.1773129105567932,
            0.27912086248397827,
            0.1466132253408432,
            0.14377059042453766,
            0.13104689121246338,
            0.10478062927722931,
            0.11188280582427979,
            0.1529008448123932,
            0.13104689121246338,
            0.17988747358322144,
            0.2138523906469345,
            0.16994348168373108,
            0.2567541003227234,
            0.24889670312404633,
            0.1850554347038269,
            0.31754642724990845,
            0.09869726747274399,
            0.18696328997612,
            0.09869726747274399,
            0.31754642724990845,
            0.09869726747274399,
            0.1578894555568695,
            0.09869726747274399,
            0.21404002606868744,
            0.16548612713813782,
            0.2996503710746765,
            0.09869726747274399,
            0.19828861951828003,
            0.17965176701545715,
            0.055393755435943604,
            0.2195979654788971,
            0.09869726747274399,
            0.3140888214111328,
            0.05210079625248909,
            0.1818886697292328,
            0.3172297179698944,
            0.17583325505256653,
            0.1534692347049713,
            0.20003609359264374,
            0.2565983831882477,
            0.1135295107960701,
            0.1135295107960701,
            0.11267183721065521,
            0.20720736682415009,
            0.20976433157920837,
            0.14973746240139008,
            0.20976433157920837,
            0.12767460942268372,
            0.20720736682415009,
            0.1954641044139862,
            0.09352356195449829,
            0.14973746240139008,
            0.2462579607963562,
            0.2462579607963562,
            0.19447188079357147,
            0.04751794412732124,
            0.16547004878520966,
            0.21487337350845337,
            0.04751794412732124,
            0.16685035824775696,
            0.08824172616004944,
            0.21199584007263184,
            0.21199584007263184,
            0.4075087904930115,
            0.4075087904930115,
            0.16830790042877197,
            0.21955591440200806,
            -0.010583179071545601,
            0.1763538271188736
        ],
        [
            0.50441974401474,
            0.50441974401474,
            0.24970343708992004,
            0.29629629850387573,
            0.29629629850387573,
            0.29463472962379456,
            0.22496762871742249,
            0.29629629850387573,
            1.0000003576278687,
            0.268817275762558,
            0.4708394408226013,
            0.2949371933937073,
            0.19255900382995605,
            0.268817275762558,
            0.23276689648628235,
            0.12561757862567902,
            0.2456972599029541,
            0.15868593752384186,
            0.21190647780895233,
            0.27998241782188416,
            0.27998241782188416,
            0.20137318968772888,
            0.2434728741645813,
            0.3376622200012207,
            0.1578003466129303,
            0.31193336844444275,
            0.12117749452590942,
            0.1561078280210495,
            0.1478148251771927,
            0.12125569581985474,
            0.12117749452590942,
            0.20053505897521973,
            0.25827741622924805,
            0.3444947600364685,
            0.27299726009368896,
            0.4580785036087036,
            0.3621286153793335,
            0.29447120428085327,
            0.28680843114852905,
            0.30409911274909973,
            0.28680843114852905,
            0.29447120428085327,
            0.28680843114852905,
            0.163951575756073,
            0.28680843114852905,
            0.12739968299865723,
            0.11544474959373474,
            0.1750604510307312,
            0.28680843114852905,
            0.06971505284309387,
            0.11511863768100739,
            0.09603251516819,
            0.184903085231781,
            0.28680843114852905,
            0.29657459259033203,
            0.21773922443389893,
            0.3877379894256592,
            0.14460250735282898,
            0.09983937442302704,
            0.25282061100006104,
            0.2824817895889282,
            0.35364586114883423,
            0.4686618447303772,
            0.4686618447303772,
            0.15637487173080444,
            0.1518881916999817,
            0.2819986343383789,
            0.13980424404144287,
            0.2819986343383789,
            0.15542550384998322,
            0.1518881916999817,
            0.24746599793434143,
            0.26116588711738586,
            0.13980424404144287,
            0.34818243980407715,
            0.34818243980407715,
            0.2664639353752136,
            0.10135135054588318,
            0.26879769563674927,
            0.17686006426811218,
            0.10135135054588318,
            0.18002864718437195,
            0.13445109128952026,
            0.2595575153827667,
            0.2595575153827667,
            0.2831724286079407,
            0.2831724286079407,
            0.2619072198867798,
            0.3593703508377075,
            0.0882284939289093,
            0.17655858397483826
        ],
        [
            0.18153715133666992,
            0.18153715133666992,
            0.14078426361083984,
            0.12685628235340118,
            0.12685628235340118,
            0.23326140642166138,
            0.07595840096473694,
            0.12685628235340118,
            0.268817275762558,
            1.000000238418579,
            0.374443382024765,
            0.21678003668785095,
            0.10704385489225388,
            1.000000238418579,
            0.15624463558197021,
            0.055824294686317444,
            0.1624620407819748,
            0.13115933537483215,
            0.1560228168964386,
            0.34951886534690857,
            0.34951886534690857,
            0.2716904878616333,
            0.2699463367462158,
            0.394000381231308,
            0.0034860605373978615,
            0.3632897138595581,
            0.08478924632072449,
            0.09038981795310974,
            0.20868182182312012,
            0.12041543424129486,
            0.08478924632072449,
            0.17643946409225464,
            0.20289015769958496,
            0.4327259063720703,
            0.33808404207229614,
            0.34811970591545105,
            0.22905412316322327,
            0.06267913430929184,
            0.5328880548477173,
            0.2415464222431183,
            0.5328880548477173,
            0.06267913430929184,
            0.5328880548477173,
            0.18160995841026306,
            0.5328880548477173,
            0.20467795431613922,
            0.26872819662094116,
            0.16773313283920288,
            0.5328880548477173,
            0.16620594263076782,
            0.019119475036859512,
            -0.038712434470653534,
            0.13723289966583252,
            0.5328880548477173,
            0.3465293347835541,
            0.17648477852344513,
            0.27924007177352905,
            0.04998522251844406,
            0.14206376671791077,
            0.4928063452243805,
            0.49944013357162476,
            0.31436848640441895,
            0.38720524311065674,
            0.38720524311065674,
            0.13872548937797546,
            0.12505587935447693,
            0.1986577808856964,
            0.2801755666732788,
            0.1986577808856964,
            0.04484853148460388,
            0.12505587935447693,
            0.28353047370910645,
            0.3806820213794708,
            0.2801755666732788,
            0.34932011365890503,
            0.34932011365890503,
            0.5094656944274902,
            0.14734318852424622,
            0.30031833052635193,
            0.2640669047832489,
            0.14734318852424622,
            0.2540833353996277,
            0.08518189191818237,
            0.1793421506881714,
            0.1793421506881714,
            0.21337248384952545,
            0.21337248384952545,
            0.265685498714447,
            0.31486058235168457,
            0.11660516262054443,
            0.09400034695863724
        ],
        [
            0.3560423254966736,
            0.3560423254966736,
            0.13941501080989838,
            0.19723451137542725,
            0.19723451137542725,
            0.2233169972896576,
            0.189164400100708,
            0.19723451137542725,
            0.4708394408226013,
            0.374443382024765,
            1.000000238418579,
            0.2819235026836395,
            0.14901603758335114,
            0.374443382024765,
            0.286172091960907,
            0.1463003307580948,
            0.19916626811027527,
            0.14369100332260132,
            0.15501604974269867,
            0.3861033320426941,
            0.3861033320426941,
            0.2661994993686676,
            0.30429548025131226,
            0.3067218065261841,
            0.07459835708141327,
            0.4671996831893921,
            0.06259811669588089,
            0.11883965134620667,
            0.2113649994134903,
            0.1477498561143875,
            0.06259811669588089,
            0.2017872929573059,
            0.24467575550079346,
            0.3608871102333069,
            0.36955317854881287,
            0.47813987731933594,
            0.34050995111465454,
            0.13260385394096375,
            0.40740159153938293,
            0.2549975514411926,
            0.40740159153938293,
            0.13260385394096375,
            0.40740159153938293,
            0.2222939431667328,
            0.40740159153938293,
            0.18101005256175995,
            0.1563560664653778,
            0.13649804890155792,
            0.40740159153938293,
            0.12930423021316528,
            0.10605135560035706,
            0.08783111721277237,
            0.12733647227287292,
            0.40740159153938293,
            0.36102694272994995,
            0.17174039781093597,
            0.4086461663246155,
            0.08584960550069809,
            0.17372585833072662,
            0.38524916768074036,
            0.3859691023826599,
            0.2956337630748749,
            0.5909712314605713,
            0.5909712314605713,
            0.13866767287254333,
            0.12492617964744568,
            0.25841131806373596,
            0.1496344953775406,
            0.25841131806373596,
            0.09751760959625244,
            0.12492617964744568,
            0.3477562665939331,
            0.32982194423675537,
            0.1496344953775406,
            0.4627811312675476,
            0.4627811312675476,
            0.43196314573287964,
            0.12116473913192749,
            0.2203924059867859,
            0.21283310651779175,
            0.12116473913192749,
            0.3184957504272461,
            0.09394152462482452,
            0.17598006129264832,
            0.17598006129264832,
            0.25806427001953125,
            0.25806427001953125,
            0.26633548736572266,
            0.357379674911499,
            -0.01769143156707287,
            0.19252529740333557
        ],
        [
            0.3436671495437622,
            0.3436671495437622,
            0.1601102352142334,
            0.3236282765865326,
            0.3236282765865326,
            0.3079153299331665,
            0.3018847703933716,
            0.3236282765865326,
            0.2949371933937073,
            0.21678003668785095,
            0.2819235026836395,
            1.000000238418579,
            0.17981472611427307,
            0.21678003668785095,
            0.4066065549850464,
            0.19330772757530212,
            0.26068592071533203,
            0.2134198248386383,
            0.22262221574783325,
            0.438843309879303,
            0.438843309879303,
            0.33189135789871216,
            0.46490341424942017,
            0.42495715618133545,
            0.15923172235488892,
            0.21154549717903137,
            0.18683648109436035,
            0.23706886172294617,
            0.23805394768714905,
            0.25075119733810425,
            0.18683648109436035,
            0.15257835388183594,
            0.2939627170562744,
            0.21141299605369568,
            0.26067447662353516,
            0.2774495482444763,
            0.2927831709384918,
            0.2042003870010376,
            0.1814415007829666,
            0.2144063413143158,
            0.1814415007829666,
            0.2042003870010376,
            0.1814415007829666,
            0.19695627689361572,
            0.1814415007829666,
            0.16485127806663513,
            0.15022113919258118,
            0.204646497964859,
            0.1814415007829666,
            0.18140298128128052,
            0.20380757749080658,
            0.16926336288452148,
            0.2244504988193512,
            0.1814415007829666,
            0.4327470064163208,
            0.07368247956037521,
            0.37260252237319946,
            0.06909811496734619,
            0.16199423372745514,
            0.2579091787338257,
            0.30063948035240173,
            0.4028427004814148,
            0.32172510027885437,
            0.32172510027885437,
            0.19485516846179962,
            0.14185942709445953,
            0.22389614582061768,
            0.12860926985740662,
            0.22389614582061768,
            0.16857780516147614,
            0.14185942709445953,
            0.32944127917289734,
            0.22921964526176453,
            0.12860926985740662,
            0.26609233021736145,
            0.26609233021736145,
            0.2902718186378479,
            0.09394519776105881,
            0.25098103284835815,
            0.28845757246017456,
            0.09394519776105881,
            0.32630568742752075,
            0.06618745625019073,
            0.2997590899467468,
            0.2997590899467468,
            0.4764401316642761,
            0.4764401316642761,
            0.2988239526748657,
            0.40482211112976074,
            -0.04875770956277847,
            0.24480818212032318
        ],
        [
            0.1280537098646164,
            0.1280537098646164,
            0.20197699964046478,
            0.36994242668151855,
            0.36994242668151855,
            0.30455517768859863,
            0.13155095279216766,
            0.36994242668151855,
            0.19255900382995605,
            0.10704385489225388,
            0.14901603758335114,
            0.17981472611427307,
            1.000000238418579,
            0.10704385489225388,
            0.1645377278327942,
            0.12646359205245972,
            0.12837019562721252,
            0.2752394676208496,
            0.3327333331108093,
            0.17258746922016144,
            0.17258746922016144,
            0.20562350749969482,
            0.23212552070617676,
            0.2043805718421936,
            0.09788583219051361,
            0.15471841394901276,
            0.13802793622016907,
            0.18155643343925476,
            0.14305463433265686,
            0.11212307214736938,
            0.13802793622016907,
            0.20846126973628998,
            0.16377928853034973,
            0.1554238647222519,
            0.11477191001176834,
            0.22570878267288208,
            0.1709294617176056,
            0.26995450258255005,
            0.13883259892463684,
            0.10997175425291061,
            0.13883259892463684,
            0.26995450258255005,
            0.13883259892463684,
            0.07543572783470154,
            0.13883259892463684,
            0.14588342607021332,
            0.05889309570193291,
            0.06055396795272827,
            0.13883259892463684,
            0.18546618521213531,
            0.17512865364551544,
            0.07189692556858063,
            0.16703695058822632,
            0.13883259892463684,
